-1
-1
-2
-1
0
3
7
8
6
-2
-14
-27
-33
-24
5
48
90
107
76
-12
-139
-257
-300
-211
26
354
647
743
516
-50
-807
-1459
-1654
-1139
85
1678
3012
3383
2318
-132
-3259
-5834
-6526
-4475
184
6106
11003
12392
8612
-233
-11830
-21980
-25707
-18865
267
29986
65194
98544
1.2241e+05
1.3107e+05
1.2241e+05
98544
65194
29986
267
-18865
-25707
-21980
-11830
-233
8612
12392
11003
6106
184
-4475
-6526
-5834
-3259
-132
2318
3383
3012
1678
85
-1139
-1654
-1459
-807
-50
516
743
647
354
26
-211
-300
-257
-139
-12
76
107
90
48
5
-24
-33
-27
-14
-2
6
8
7
3
0
-1
-2
-1
-1
