           0
          -5
          -6
          -4
           0
           5
           8
           9
           6
           0
          -6
         -11
         -12
          -8
           0
           9
          16
          17
          11
           0
         -13
         -22
         -23
         -15
           0
          17
          29
          31
          20
           0
         -23
         -39
         -41
         -27
           0
          30
          52
          55
          36
           0
         -39
         -67
         -71
         -46
           0
          51
          87
          91
          59
           0
         -65
        -111
        -117
         -76
           0
          83
         141
         147
          95
           0
        -104
        -177
        -185
        -119
           0
         130
         220
         230
         148
           0
        -161
        -271
        -283
        -182
           0
         197
         333
         347
         223
           0
        -241
        -405
        -421
        -271
           0
         292
         491
         509
         327
           0
        -351
        -590
        -612
        -393
           0
         421
         706
         732
         469
           0
        -502
        -841
        -871
        -558
           0
         596
         998
        1032
         660
           0
        -705
       -1179
       -1219
        -779
           0
         831
        1389
        1435
         917
           0
        -977
       -1633
       -1686
       -1077
           0
        1146
        1916
        1978
        1263
           0
       -1345
       -2247
       -2321
       -1481
           0
        1578
        2638
        2725
        1740
           0
       -1856
       -3104
       -3208
       -2050
           0
        2191
        3668
        3796
        2429
           0
       -2603
       -4365
       -4526
       -2902
           0
        3125
        5254
        5463
        3513
           0
       -3810
       -6431
       -6716
       -4339
           0
        4757
        8080
        8495
        5530
           0
       -6171
      -10590
      -11262
       -7426
           0
        8548
       14946
       16242
       10983
           0
      -13488
      -24604
      -28172
      -20346
           0
       30592
       66058
       99149
      122600
      131071
      122600
       99149
       66058
       30592
           0
      -20346
      -28172
      -24604
      -13488
           0
       10983
       16242
       14946
        8548
           0
       -7426
      -11262
      -10590
       -6171
           0
        5530
        8495
        8080
        4757
           0
       -4339
       -6716
       -6431
       -3810
           0
        3513
        5463
        5254
        3125
           0
       -2902
       -4526
       -4365
       -2603
           0
        2429
        3796
        3668
        2191
           0
       -2050
       -3208
       -3104
       -1856
           0
        1740
        2725
        2638
        1578
           0
       -1481
       -2321
       -2247
       -1345
           0
        1263
        1978
        1916
        1146
           0
       -1077
       -1686
       -1633
        -977
           0
         917
        1435
        1389
         831
           0
        -779
       -1219
       -1179
        -705
           0
         660
        1032
         998
         596
           0
        -558
        -871
        -841
        -502
           0
         469
         732
         706
         421
           0
        -393
        -612
        -590
        -351
           0
         327
         509
         491
         292
           0
        -271
        -421
        -405
        -241
           0
         223
         347
         333
         197
           0
        -182
        -283
        -271
        -161
           0
         148
         230
         220
         130
           0
        -119
        -185
        -177
        -104
           0
          95
         147
         141
          83
           0
         -76
        -117
        -111
         -65
           0
          59
          91
          87
          51
           0
         -46
         -71
         -67
         -39
           0
          36
          55
          52
          30
           0
         -27
         -41
         -39
         -23
           0
          20
          31
          29
          17
           0
         -15
         -23
         -22
         -13
           0
          11
          17
          16
           9
           0
          -8
         -12
         -11
          -6
           0
           6
           9
           8
           5
           0
          -4
          -6
          -5