          -7
           0
          18
           0
         -40
           0
          81
           0
        -151
           0
         266
           0
        -443
           0
         708
           0
       -1091
           0
        1631
           0
       -2381
           0
        3412
           0
       -4841
           0
        6876
           0
       -9957
           0
       15230
           0
      -26917
           0
       83145
      131071
       83145
           0
      -26917
           0
       15230
           0
       -9957
           0
        6876
           0
       -4841
           0
        3412
           0
       -2381
           0
        1631
           0
       -1091
           0
         708
           0
        -443
           0
         266
           0
        -151
           0
          81
           0
         -40
           0
          18
           0
          -7