0
-3.81477e-05
-4.57773e-05
-3.05182e-05
0
3.81477e-05
6.10364e-05
6.86659e-05
4.57773e-05
0
-4.57773e-05
-8.3925e-05
-9.15546e-05
-6.10364e-05
0
6.86659e-05
0.000122073
0.000129702
8.3925e-05
0
-9.91841e-05
-0.00016785
-0.00017548
-0.000114443
0
0.000129702
0.000221257
0.000236516
0.000152591
0
-0.00017548
-0.000297552
-0.000312811
-0.000205998
0
0.000228886
0.000396736
0.000419625
0.000274664
0
-0.000297552
-0.00051118
-0.000541698
-0.000350959
0
0.000389107
0.00066377
0.000694289
0.000450143
0
-0.00049592
-0.00084688
-0.000892657
-0.000579845
0
0.000633252
0.00107577
0.00112154
0.000724807
0
-0.000793473
-0.00135043
-0.00141147
-0.000907916
0
0.000991841
0.0016785
0.0017548
0.00112917
0
-0.00122836
-0.00206761
-0.00215916
-0.00138858
0
0.00150302
0.00254064
0.00264745
0.00170139
0
-0.00183872
-0.00308997
-0.00321204
-0.00206761
0
0.00222783
0.00374611
0.00388344
0.00249486
0
-0.00267797
-0.00450143
-0.00466928
-0.00299841
0
0.00321204
0.00538646
0.00558483
0.00357826
0
-0.00383003
-0.00641645
-0.00664533
-0.00425729
0
0.00454721
0.00761429
0.00787369
0.0050355
0
-0.00537883
-0.00899523
-0.00930042
-0.00594342
0
0.00634015
0.0105974
0.0109484
0.00699629
0
-0.00745407
-0.012459
-0.0128634
-0.00821702
0
0.00874346
0.0146182
0.0150912
0.00963612
0
-0.0102617
-0.0171436
-0.0177082
-0.0112994
0
0.0120394
0.0201267
0.0207905
0.0132754
0
-0.0141604
-0.0236821
-0.0244756
-0.0156406
0
0.0167163
0.0279852
0.0289618
0.0185322
0
-0.0198597
-0.033303
-0.0345313
-0.0221409
0
0.0238423
0.0400856
0.0416802
0.0268026
0
-0.0290686
-0.0490656
-0.05124
-0.0331046
0
0.0362937
0.0616467
0.064813
0.0421914
0
-0.0470819
-0.0807969
-0.0859239
-0.056657
0
0.0652174
0.114031
0.123919
0.0837953
0
-0.102907
-0.187717
-0.21494
-0.155231
0
0.233403
0.503993
0.756462
0.935382
1.00001
0.935382
0.756462
0.503993
0.233403
0
-0.155231
-0.21494
-0.187717
-0.102907
0
0.0837953
0.123919
0.114031
0.0652174
0
-0.056657
-0.0859239
-0.0807969
-0.0470819
0
0.0421914
0.064813
0.0616467
0.0362937
0
-0.0331046
-0.05124
-0.0490656
-0.0290686
0
0.0268026
0.0416802
0.0400856
0.0238423
0
-0.0221409
-0.0345313
-0.033303
-0.0198597
0
0.0185322
0.0289618
0.0279852
0.0167163
0
-0.0156406
-0.0244756
-0.0236821
-0.0141604
0
0.0132754
0.0207905
0.0201267
0.0120394
0
-0.0112994
-0.0177082
-0.0171436
-0.0102617
0
0.00963612
0.0150912
0.0146182
0.00874346
0
-0.00821702
-0.0128634
-0.012459
-0.00745407
0
0.00699629
0.0109484
0.0105974
0.00634015
0
-0.00594342
-0.00930042
-0.00899523
-0.00537883
0
0.0050355
0.00787369
0.00761429
0.00454721
0
-0.00425729
-0.00664533
-0.00641645
-0.00383003
0
0.00357826
0.00558483
0.00538646
0.00321204
0
-0.00299841
-0.00466928
-0.00450143
-0.00267797
0
0.00249486
0.00388344
0.00374611
0.00222783
0
-0.00206761
-0.00321204
-0.00308997
-0.00183872
0
0.00170139
0.00264745
0.00254064
0.00150302
0
-0.00138858
-0.00215916
-0.00206761
-0.00122836
0
0.00112917
0.0017548
0.0016785
0.000991841
0
-0.000907916
-0.00141147
-0.00135043
-0.000793473
0
0.000724807
0.00112154
0.00107577
0.000633252
0
-0.000579845
-0.000892657
-0.00084688
-0.00049592
0
0.000450143
0.000694289
0.00066377
0.000389107
0
-0.000350959
-0.000541698
-0.00051118
-0.000297552
0
0.000274664
0.000419625
0.000396736
0.000228886
0
-0.000205998
-0.000312811
-0.000297552
-0.00017548
0
0.000152591
0.000236516
0.000221257
0.000129702
0
-0.000114443
-0.00017548
-0.00016785
-9.91841e-05
0
8.3925e-05
0.000129702
0.000122073
6.86659e-05
0
-6.10364e-05
-9.15546e-05
-8.3925e-05
-4.57773e-05
0
4.57773e-05
6.86659e-05
6.10364e-05
3.81477e-05
0
-3.05182e-05
-4.57773e-05
-3.81477e-05
