100
100
100
100
100
100
99
99
99
98
98
97
97
96
95
94
92
91
89
87
85
82
80
77
74
70
66
62
58
53
48
43
37
31
25
19
12
5
-2
-9
-16
-24
-31
-38
-45
-53
-59
-66
-72
-78
-83
-88
-92
-95
-98
-99
-100
-100
-98
-96
-93
-88
-83
-76
-69
-60
-51
-40
-29
-18
-6
6
18
30
42
53
64
73
81
88
94
98
100
100
98
94
88
80
71
60
47
33
18
3
-13
-28
-43
-57
-70
-80
-89
-95
-99
-100
-98
-93
-85
-74
-61
-46
-30
-12
7
25
43
59
73
85
93
99
100
98
91
81
68
51
33
13
-8
-29
-48
-66
-80
-91
-98
-100
-97
-90
-77
-61
-42
-20
3
25
47
66
82
93
99
99
94
83
66
46
23
-2
-27
-50
-70
-86
-96
-100
-97
-87
-72
-51
-26
0
27
52
73
89
98
100
94
80
61
36
8
-21
-48
-71
-88
-98
-100
-92
-77
-55
-28
2
32
59
81
95
100
95
82
60
32
1
-31
-59
-82
-96
-100
-93
-77
-52
-21
12
44
71
90
99
97
84
60
29
-5
-39
-68
-89
-99
-97
-83
-58
-26
10
45
74
93
100
94
74
45
9
-28
-61
-86
-99
-97
-82
-55
-19
19
55
83
98
98
83
56
19
-21
-57
-85
-99
-97
-79
-48
-9
31
67
91
100
92
67
31
-11
-51
-82
-98
-97
-78
-45
-3
39
74
96
99
83
51
10
-34
-72
-95
-99
-84
-51
-8
36
74
96
98
80
45
0
-45
-81
-99
-95
-71
-31
17
60
90
100
87
54
8
-39
-78
-98
-95
-70
-27
22
66
94
99
80
40
-9
-56
-89
-100
-85
-48
2
51
87
100
87
50
0
-50
-87
-100
-86
-48
4
54
90
100
82
40
-13
-62
-94
-98
-73
-27
27
74
98
93
60
8
-46
-86
-100
-82
-39
17
67
97
95
63
10
-46
-87
-100
-80
-33
24
74
99
90
51
-6
-61
-95
-96
-64
-9
49
90
99
73
20
-40
-85
-100
-78
-27
34
82
100
80
31
-31
-81
-100
-81
-30
32
82
100
79
26
-37
-85
-100
-74
-18
45
90
98
66
6
-56
-95
-94
-54
9
69
99
87
37
-29
-82
-100
-74
-15
50
93
95
54
-11
-72
-100
-82
-27
40
90
97
60
-6
-69
-99
-83
-27
42
91
96
55
-13
-75
-100
-76
-15
54
96
90
39
-32
-87
-98
-59
10
74
100
74
9
-60
-98
-85
-26
46
94
92
40
-33
-89
-96
-51
22
83
99
59
-13
-78
-100
-65
6
74
100
69
-2
-71
-100
-71
0
70
100
71
0
-71
-100
-69
3
74
100
65
-9
-78
-99
-60
17
83
98
51
-27
-89
-94
-41
39
94
89
27
-53
-98
-80
-10
67
100
67
-10
-81
-98
-50
31
92
90
28
-54
-99
-77
-2
74
99
56
-27
-91
-91
-28
55
99
73
-5
-80
-97
-45
40
96
83
9
-71
-99
-55
30
93
87
16
-67
-100
-58
28
92
87
16
-68
-100
-55
32
95
84
8
-74
-98
-45
44
98
75
-8
-85
-93
-27
61
100
58
-31
-95
-81
-1
80
95
32
-58
-100
-58
32
96
79
-5
-84
-92
-22
68
99
45
-48
-99
-65
26
94
80
-4
-85
-91
-16
73
97
35
-59
-100
-51
44
99
64
-29
-96
-75
15
91
83
-2
-85
-89
-10
79
94
20
-73
-97
-29
66
98
36
-61
-99
-42
56
100
46
-52
-100
-49
50
100
51
-48
-100
-52
48
100
51
-49
-100
-50
51
100
47
-54
-100
-42
59
99
37
-64
-98
-30
70
96
21
-76
-93
-11
83
88
-1
-89
-81
14
94
72
-28
-98
-61
43
100
47
-58
-99
-30
72
94
11
-84
-85
10
94
72
-32
-99
-54
53
99
32
-72
-93
-6
88
80
-21
-98
-60
48
100
34
-72
-93
-4
90
76
-29
-99
-51
59
98
18
-83
-84
18
98
58
-53
-99
-23
81
85
-16
-97
-57
54
98
19
-84
-81
25
99
48
-64
-95
-4
92
70
-42
-100
-29
79
85
-20
-99
-49
65
94
-1
-94
-63
52
98
14
-89
-73
41
100
25
-83
-79
32
100
32
-80
-83
27
100
35
-78
-84
26
100
35
-78
-83
29
100
31
-81
-80
35
100
24
-86
-73
44
99
12
-92
-64
56
95
-4
-97
-50
70
88
-23
-100
-30
84
75
-45
-98
-6
95
55
-67
-89
23
100
27
-87
-70
53
95
-7
-98
-40
79
78
-43
-98
-2
97
46
-76
-80
40
98
3
-97
-45
77
78
-44
-97
3
98
37
-83
-71
54
93
-17
-100
-22
92
57
-70
-84
38
98
-2
-99
-34
86
65
-63
-87
32
99
1
-98
-35
87
63
-66
-85
38
97
-8
-100
-23
93
51
-77
-74
55
91
-29
-99
1
99
27
-92
-51
78
72
-59
-87
37
97
-13
-100
-12
97
35
-89
-55
77
72
-61
-86
42
95
-22
-99
2
100
18
-96
-36
89
53
-80
-67
68
79
-55
-88
40
94
-25
-98
11
100
4
-99
-18
97
31
-93
-43
88
53
-81
-62
75
71
-67
-77
59
83
-52
-88
44
92
-37
-94
30
96
-23
-98
17
99
-11
-100
6
100
-2
-100
-2
100
5
-100
-7
100
9
-99
-11
99
11
-99
-11
99
11
-99
-10
100
8
-100
-6
100
3
-100
1
100
-5
-100
10
99
-15
-98
21
97
-28
-95
35
92
-42
-89
50
84
-58
-79
65
72
-73
-65
80
56
-86
-45
92
34
-96
-21
99
7
-100
7
99
-22
-96
37
90
-51
-81
65
70
-77
-56
87
40
-95
-22
99
3
-100
17
96
-37
-88
56
76
-73
-60
86
40
-96
-17
100
-7
-98
31
90
-54
-76
74
57
-89
-33
98
6
-100
22
93
-49
-79
72
58
-89
-31
99
0
-99
31
89
-60
-69
82
42
-96
-10
100
-24
-91
56
72
-81
-42
97
7
-99
29
88
-63
-65
87
31
-99
8
96
-46
-78
77
46
-96
-7
99
-35
-84
70
54
-94
-14
100
-30
-86
68
56
-94
-13
100
-33
-84
72
51
-96
-5
98
-42
-78
80
39
-99
10
94
-57
-65
90
19
-100
33
83
-76
-43
99
-10
-93
60
61
-93
-10
98
-44
-74
85
26
-100
31
82
-78
-37
100
-21
-88
72
45
-99
14
90
-68
-49
98
-11
-91
67
49
-98
12
90
-69
-47
99
-17
-88
73
40
-100
25
83
-80
-30
100
-37
-75
88
16
-98
51
63
-95
3
93
-68
-45
99
-25
-82
83
22
-99
49
63
-95
6
90
-73
-37
100
-38
-72
92
3
-94
68
41
-100
35
73
-91
-2
93
-71
-37
100
-42
-67
95
-9
-88
79
24
-98
56
53
-99
29
75
-91
0
91
-76
-27
99
-56
-51
100
-34
-71
94
-10
-85
84
12
-95
70
33
-99
55
51
-100
38
66
-97
21
77
-91
5
86
-84
-9
93
-76
-22
97
-67
-34
99
-59
-44
100
-51
-52
100
-44
-58
99
-37
-63
98
-32
-67
97
-28
-70
97
-26
-71
96
-24
-72
96
-24
-72
96
-26
-70
97
-29
-68
98
-33
-64
99
-38
-60
100
-44
-53
100
-51
-46
100
-60
-36
98
-68
-25
95
-77
-13
90
-85
2
83
-92
17
73
-97
34
60
-100
51
44
-99
67
25
-94
81
3
-84
92
-20
-69
99
-43
-49
100
-65
-25
94
-83
3
80
-95
31
59
-100
58
31
-95
81
0
-80
96
-33
-56
100
-64
-23
92
-87
14
71
-99
50
39
-97
79
-1
-79
97
-41
-46
98
-75
-5
81
-96
39
47
-98
76
3
-79
97
-44
-42
97
-81
7
72
-99
55
29
-92
90
-24
-59
100
-71
-8
81
-97
47
36
-94
87
-21
-59
100
-72
-4
77
-99
55
26
-89
93
-36
-44
96
-85
19
59
-99
76
-4
-71
100
-66
-10
79
-99
57
20
-85
97
-49
-28
89
-95
44
34
-91
93
-40
-37
92
-93
39
38
-92
93
-40
-36
91
-94
43
33
-89
95
-48
-26
86
-97
55
18
-81
99
-64
-6
73
-100
73
-8
-62
99
-83
24
48
-95
92
-41
-30
86
-98
60
9
-73
100
-77
15
54
-96
91
-41
-29
84
-99
66
-1
-64
99
-86
33
36
-88
98
-63
-1
65
-99
87
-36
-32
85
-99
69
-9
-56
95
-93
50
15
-73
100
-83
31
34
-85
99
-72
14
49
-92
97
-62
1
59
-96
94
-54
-8
66
-98
91
-48
-13
69
-99
90
-46
-15
70
-99
90
-48
-12
68
-98
92
-52
-6
62
-96
95
-60
4
54
-92
98
-70
18
41
-85
100
-81
35
23
-73
99
-91
54
1
-56
92
-99
73
-25
-32
78
-99
90
-52
-1
54
-91
99
-78
33
22
-70
97
-95
66
-17
-37
79
-99
91
-57
7
45
-84
100
-88
52
-1
-49
86
-100
87
-51
2
48
-85
100
-89
55
-8
-42
81
-99
93
-64
19
30
-72
96
-98
76
-36
-12
58
-89
100
-88
56
-11
-36
75
-97
97
-77
39
7
-51
84
-99
94
-68
28
17
-59
88
-100
91
-64
25
20
-60
89
-100
92
-66
28
15
-56
85
-99
95
-73
39
3
-44
77
-96
99
-84
55
-17
-24
61
-88
100
-95
75
-43
4
36
-69
92
-100
93
-71
39
-1
-37
70
-92
100
-94
74
-44
7
30
-63
87
-99
97
-83
57
-24
-13
47
-75
94
-100
94
-76
48
-15
-20
52
-78
95
-100
93
-76
50
-19
-15
47
-73
91
-100
97
-84
62
-34
2
29
-58
81
-95
100
-95
81
-59
32
-2
-29
56
-78
93
-100
97
-86
68
-44
16
13
-41
65
-84
96
-100
96
-85
67
-44
18
9
-36
59
-79
92
-99
99
-92
79
-61
38
-14
-12
37
-59
77
-90
98
-100
96
-86
71
-52
30
-7
-16
39
-59
76
-89
97
-100
98
-91
80
-65
47
-27
5
16
-36
55
-71
84
-94
99
-100
97
-90
80
-66
51
-33
14
5
-23
41
-57
72
-83
92
-97
100
-99
95
-89
80
-68
55
-40
24
-8
-8
24
-39
53
-66
77
-86
93
-97
100
-100
98
-94
88
-80
71
-61
49
-37
24
-11
-2
15
-27
39
-50
60
-70
78
-85
90
-95
98
-99
100
-99
97
-94
90
-86
80
-74
66
-59
51
-43
34
-25
17
-8
-1
9
-17
25
-33
40
-47
54
-60
66
-71
76
-80
84
-87
90
-93
95
-96
98
-99
99
-100
